131074 Wall 255 0 0 2 2 48.000000 48.000000
851973 Wall 255 0 0 13 5 48.000000 48.000000
0 Wall 255 0 0 0 0 48.000000 48.000000
65536 Wall 255 0 0 1 0 48.000000 48.000000
131072 Wall 255 0 0 2 0 48.000000 48.000000
262144 Wall 255 0 0 4 0 48.000000 48.000000
262145 Wall 255 0 0 4 1 48.000000 48.000000
589831 Wall 255 0 0 9 7 48.000000 48.000000
262146 Wall 255 0 0 4 2 48.000000 48.000000
262147 Wall 255 0 0 4 3 48.000000 48.000000
655370 Wall 255 0 0 10 10 48.000000 48.000000
262148 Wall 255 0 0 4 4 48.000000 48.000000
589824 Wall 255 0 0 9 0 48.000000 48.000000
262149 Wall 255 0 0 4 5 48.000000 48.000000
393227 Wall 255 0 0 6 11 48.000000 48.000000
196614 Wall 255 0 0 3 6 48.000000 48.000000
65547 Wall 255 0 0 1 11 48.000000 48.000000
262150 Wall 255 0 0 4 6 48.000000 48.000000
524290 Wall 255 0 0 8 2 48.000000 48.000000
327687 Wall 255 0 0 5 7 48.000000 48.000000
720898 Wall 255 0 0 11 2 48.000000 48.000000
393223 Wall 255 0 0 6 7 48.000000 48.000000
8 Wall 255 0 0 0 8 48.000000 48.000000
458759 Wall 255 0 0 7 7 48.000000 48.000000
524295 Wall 255 0 0 8 7 48.000000 48.000000
655367 Wall 255 0 0 10 7 48.000000 48.000000
524292 Wall 255 0 0 8 4 48.000000 48.000000
327681 Wall 255 0 0 5 1 48.000000 48.000000
720900 Wall 255 0 0 11 4 48.000000 48.000000
393217 Wall 255 0 0 6 1 48.000000 48.000000
458753 Wall 255 0 0 7 1 48.000000 48.000000
720906 Wall 255 0 0 11 10 48.000000 48.000000
9 Wall 255 0 0 0 9 48.000000 48.000000
524289 Wall 255 0 0 8 1 48.000000 48.000000
524291 Wall 255 0 0 8 3 48.000000 48.000000
327680 Wall 255 0 0 5 0 48.000000 48.000000
524293 Wall 255 0 0 8 5 48.000000 48.000000
655360 Wall 255 0 0 10 0 48.000000 48.000000
458757 Wall 255 0 0 7 5 48.000000 48.000000
589834 Wall 255 0 0 9 10 48.000000 48.000000
655361 Wall 255 0 0 10 1 48.000000 48.000000
458756 Wall 255 0 0 7 4 48.000000 48.000000
524298 Wall 255 0 0 8 10 48.000000 48.000000
720897 Wall 255 0 0 11 1 48.000000 48.000000
196619 Wall 255 0 0 3 11 48.000000 48.000000
720899 Wall 255 0 0 11 3 48.000000 48.000000
917514 Wall 255 0 0 14 10 48.000000 48.000000
851969 Wall 255 0 0 13 1 48.000000 48.000000
851970 Wall 255 0 0 13 2 48.000000 48.000000
327691 Wall 255 0 0 5 11 48.000000 48.000000
851971 Wall 255 0 0 13 3 48.000000 48.000000
851972 Wall 255 0 0 13 4 48.000000 48.000000
851975 Wall 255 0 0 13 7 48.000000 48.000000
10 Wall 255 0 0 0 10 48.000000 48.000000
65546 Wall 255 0 0 1 10 48.000000 48.000000
131083 Wall 255 0 0 2 11 48.000000 48.000000
262155 Wall 255 0 0 4 11 48.000000 48.000000
458763 Wall 255 0 0 7 11 48.000000 48.000000
786442 Wall 255 0 0 12 10 48.000000 48.000000
1114118 Wall 255 0 0 17 6 48.000000 48.000000
851978 Wall 255 0 0 13 10 48.000000 48.000000
196608 Wall 255 0 0 3 0 48.000000 48.000000
393216 Wall 255 0 0 6 0 48.000000 48.000000
458752 Wall 255 0 0 7 0 48.000000 48.000000
524288 Wall 255 0 0 8 0 48.000000 48.000000
720896 Wall 255 0 0 11 0 48.000000 48.000000
851968 Wall 255 0 0 13 0 48.000000 48.000000
917504 Wall 255 0 0 14 0 48.000000 48.000000
983040 Wall 255 0 0 15 0 48.000000 48.000000
1048576 Wall 255 0 0 16 0 48.000000 48.000000
1114112 Wall 255 0 0 17 0 48.000000 48.000000
786432 Wall 255 0 0 12 0 48.000000 48.000000
1 Wall 255 0 0 0 1 48.000000 48.000000
2 Wall 255 0 0 0 2 48.000000 48.000000
3 Wall 255 0 0 0 3 48.000000 48.000000
4 Wall 255 0 0 0 4 48.000000 48.000000
5 Wall 255 0 0 0 5 48.000000 48.000000
6 Wall 255 0 0 0 6 48.000000 48.000000
7 Wall 255 0 0 0 7 48.000000 48.000000
11 Wall 255 0 0 0 11 48.000000 48.000000
1114113 Wall 255 0 0 17 1 48.000000 48.000000
1114114 Wall 255 0 0 17 2 48.000000 48.000000
1114115 Wall 255 0 0 17 3 48.000000 48.000000
1114116 Wall 255 0 0 17 4 48.000000 48.000000
1114117 Wall 255 0 0 17 5 48.000000 48.000000
1114119 Wall 255 0 0 17 7 48.000000 48.000000
1114120 Wall 255 0 0 17 8 48.000000 48.000000
1114121 Wall 255 0 0 17 9 48.000000 48.000000
1114122 Wall 255 0 0 17 10 48.000000 48.000000
1114123 Wall 255 0 0 17 11 48.000000 48.000000
1114124 Wall 255 0 0 17 12 48.000000 48.000000
1048588 Wall 255 0 0 16 12 48.000000 48.000000
983051 Wall 255 0 0 15 11 48.000000 48.000000
917515 Wall 255 0 0 14 11 48.000000 48.000000
851979 Wall 255 0 0 13 11 48.000000 48.000000
786443 Wall 255 0 0 12 11 48.000000 48.000000
720907 Wall 255 0 0 11 11 48.000000 48.000000
655371 Wall 255 0 0 10 11 48.000000 48.000000
589835 Wall 255 0 0 9 11 48.000000 48.000000
524299 Wall 255 0 0 8 11 48.000000 48.000000
393228 Wall 255 0 0 6 12 48.000000 48.000000
327692 Wall 255 0 0 5 12 48.000000 48.000000
262156 Wall 255 0 0 4 12 48.000000 48.000000
12 Wall 255 0 0 0 12 48.000000 48.000000
65548 Wall 255 0 0 1 12 48.000000 48.000000
65549 Wall 255 0 0 1 13 48.000000 48.000000
131085 Wall 255 0 0 2 13 48.000000 48.000000
131084 Wall 255 0 0 2 12 48.000000 48.000000
13 Wall 255 0 0 0 13 48.000000 48.000000
196620 Wall 255 0 0 3 12 48.000000 48.000000
196621 Wall 255 0 0 3 13 48.000000 48.000000
262157 Wall 255 0 0 4 13 48.000000 48.000000
327693 Wall 255 0 0 5 13 48.000000 48.000000
393229 Wall 255 0 0 6 13 48.000000 48.000000
458765 Wall 255 0 0 7 13 48.000000 48.000000
458764 Wall 255 0 0 7 12 48.000000 48.000000
524300 Wall 255 0 0 8 12 48.000000 48.000000
589836 Wall 255 0 0 9 12 48.000000 48.000000
524301 Wall 255 0 0 8 13 48.000000 48.000000
589837 Wall 255 0 0 9 13 48.000000 48.000000
655373 Wall 255 0 0 10 13 48.000000 48.000000
720909 Wall 255 0 0 11 13 48.000000 48.000000
786445 Wall 255 0 0 12 13 48.000000 48.000000
720908 Wall 255 0 0 11 12 48.000000 48.000000
655372 Wall 255 0 0 10 12 48.000000 48.000000
786444 Wall 255 0 0 12 12 48.000000 48.000000
851980 Wall 255 0 0 13 12 48.000000 48.000000
851981 Wall 255 0 0 13 13 48.000000 48.000000
917517 Wall 255 0 0 14 13 48.000000 48.000000
917516 Wall 255 0 0 14 12 48.000000 48.000000
983052 Wall 255 0 0 15 12 48.000000 48.000000
1048589 Wall 255 0 0 16 13 48.000000 48.000000
1114125 Wall 255 0 0 17 13 48.000000 48.000000
983053 Wall 255 0 0 15 13 48.000000 48.000000
1179661 Wall 255 0 0 18 13 48.000000 48.000000
1245197 Wall 255 0 0 19 13 48.000000 48.000000
1179648 Wall 255 0 0 18 0 48.000000 48.000000
1245184 Wall 255 0 0 19 0 48.000000 48.000000
1245185 Wall 255 0 0 19 1 48.000000 48.000000
1245186 Wall 255 0 0 19 2 48.000000 48.000000
1245187 Wall 255 0 0 19 3 48.000000 48.000000
1245188 Wall 255 0 0 19 4 48.000000 48.000000
1245189 Wall 255 0 0 19 5 48.000000 48.000000
1245190 Wall 255 0 0 19 6 48.000000 48.000000
1245191 Wall 255 0 0 19 7 48.000000 48.000000
1245192 Wall 255 0 0 19 8 48.000000 48.000000
1245193 Wall 255 0 0 19 9 48.000000 48.000000
1245194 Wall 255 0 0 19 10 48.000000 48.000000
1245195 Wall 255 0 0 19 11 48.000000 48.000000
1245196 Wall 255 0 0 19 12 48.000000 48.000000
